calc_baseline (125, '0x50', [30, 31], [29, 30, 31])
calc_decl_f29 (139, '0x90', [30, 31], [25, 26, 27, 28, 29, 30, 31])
t2_baseline (125, '0x50', [30, 31], [29, 30, 31])
t2_local_vec (125, '0x50', [30, 31], [29, 30, 31])
revise_order (72, '0x30', [29, 30, 31], [])
target_math_dokan (88, '0x60', [29, 30, 31], [29, 30, 31])
dokan_target_shape (69, '0x50', [29, 30, 31], [29, 30, 31])
dokan_lifetimes (72, '0x60', [30, 31], [28, 29, 30, 31])
filter_dc_first (122, '0x20', [29, 30, 31], [])
fn809_liveness (208, '0xD0', [22], [31])
